100
L 3 83  86  77 
L 3 15  93  35 
L 3 86  92  49 
L 3 21  62  27 
L 3 90  59  63 
L 3 26  40  26 
L 3 72  36  11 
L 3 68  67  29 
L 3 82  30  62 
L 3 23  67  35 
L 3 29  2  22 
L 3 58  69  67 
L 3 93  56  11 
L 3 42  29  73 
L 3 21  19  84 
L 3 37  98  24 
L 3 15  70  13 
L 3 26  91  80 
L 3 56  73  62 
L 3 70  96  81 
L 3 5  25  84 
L 3 27  36  5 
L 3 46  29  13 
L 3 57  24  95 
L 3 82  45  14 
L 3 67  34  64 
L 3 43  50  87 
L 3 8  76  78 
L 3 88  84  3 
L 3 51  54  99 
L 3 32  60  76 
L 3 68  39  12 
L 3 26  86  94 
L 3 39  95  70 
L 3 34  78  67 
L 3 1  97  2 
L 3 17  92  52 
L 3 56  1  80 
L 3 86  41  65 
L 3 89  44  19 
L 3 40  29  31 
L 3 17  97  71 
L 3 81  75  9 
L 3 27  67  56 
L 3 97  53  86 
L 3 65  6  83 
L 3 19  24  28 
L 3 71  32  29 
L 3 3  19  70 
L 3 68  8  15 
L 3 40  49  96 
L 3 23  18  45 
L 3 46  51  21 
L 3 55  79  88 
L 3 64  28  41 
L 3 50  93  0 
L 3 34  64  24 
L 3 14  87  56 
L 3 43  91  27 
L 3 65  59  36 
L 3 32  51  37 
L 3 28  75  7 
L 3 74  21  58 
L 3 95  29  37 
L 3 35  93  18 
L 3 28  43  11 
L 3 28  29  76 
L 3 4  43  63 
L 3 13  38  6 
L 3 40  4  18 
L 3 28  88  69 
L 3 17  17  96 
L 3 24  43  70 
L 3 83  90  99 
L 3 72  25  44 
L 3 90  5  39 
L 3 54  86  69 
L 3 82  42  64 
L 3 97  7  55 
L 3 4  48  11 
L 3 22  28  99 
L 3 43  46  68 
L 3 40  22  11 
L 3 10  5  1 
L 3 61  30  78 
L 3 5  20  36 
L 3 44  26  22 
L 3 65  8  16 
L 3 82  58  24 
L 3 37  62  24 
L 3 0  36  52 
L 3 99  79  50 
L 3 68  71  73 
L 3 31  81  30 
L 3 33  94  60 
L 3 63  99  81 
L 3 99  96  59 
L 3 73  13  68 
L 3 90  95  26 
L 3 66  84  40 